13
45
67
92
86
40
40
76
23
31
18
71
72
19
93
44
84
50
42
94
47
22
74
90
97
92
74
29
82
59
1
87
64
17
37
95
25
64
68
52
9
57
92
94
88
33
20
73
72
88
14
59
82
56
65
76
93
37
26
33
43
15
87
29
21
83
69
23
84
8
73
62
14
6
1
9
80
80
54
12
5
40
93
46
27
75
53
50
92
52
19
35
52
31
54
59
44
56
19
46
88
66
71
54
49
95
60
81
27
36
59
50
74
45
14
71
39
40
9
14
8
81
23
80
90
9
7
82
72
85
90
67
61
17
57
24
25
5
50
88
31
55
26
21
98
58
24
28
30
34
54
52
87
8
10
55
1
84
37
82
21
4
43
66
21
37
69
81
48
11
95
92
44
64
32
21
71
10
61
92
36
84
77
19
75
99
98
44
4
13
59
2
1
40
25
59
37
70
7
4
99
41
61
34
29
69
27
97
52
74
54
70
34
8
95
73
85
8
68
86
92
68
85
72
84
96
1
6
92
31
74
84
8
22
93
9
44
47
1
52
39
90
75
99
88
97
84
27
79
33
71
98
45
60
58
51
46
5
58
94
92
18
36
67
21
46
58
80
37
63
5
78
31
88
99
36
74
91
56
27
23
77
80
99
91
52
47
81
62
61
48
1
11
76
14
72
95
7
46
31
