45
48
65
68
68
10
84
22
37
88
71
89
89
13
59
66
40
88
47
89
82
38
26
78
73
10
21
81
70
80
48
65
83
89
50
30
20
20
15
40
33
66
10
58
33
32
75
24
36
76
56
29
35
1
1
37
54
6
39
18
80
5
43
59
32
2
66
42
58
36
12
47
83
92
1
15
54
13
43
85
76
69
7
69
48
4
77
53
79
16
21
59
24
80
14
86
49
50
70
42
36
65
96
70
95
1
51
37
35
49
94
4
99
43
78
22
74
1
11
44
59
24
60
3
99
63
36
95
68
83
47
21
82
51
28
15
42
59
66
37
11
87
44
12
3
52
81
33
55
1
39
20
47
43
57
61
78
31
25
3
4
95
99
14
41
73
20
96
73
27
67
53
68
62
15
97
5
68
12
87
78
76
57
17
25
30
22
26
81
61
62
84
34
33
71
86
32
14
72
57
25
80
42
19
41
55
80
12
39
94
2
96
45
89
25
68
83
4
77
36
87
62
70
88
44
33
12
85
11
55
38
29
3
28
84
90
24
54
52
47
21
54
30
68
36
40
10
74
42
24
4
47
91
51
4
32
10
11
28
46
72
40
62
86
98
45
35
35
89
34
6
37
1
76
35
70
54
81
63
9
62
2
82
36
92
41
37
49
26
68
36
31
30
34
19
18
94
85
3
70
